train_size=0.8
test_scores=[[12353, 0.4666666666666667, 0.9166666666666666, 0.8833333333333333], [10581, 0.65, 0.9333333333333333, 0.8833333333333333], [215, 0.6333333333333333, 0.9333333333333333, 0.8833333333333333], [171, 0.5666666666666667, 0.9166666666666666, 0.8833333333333333], [12212, 0.5166666666666667, 0.9166666666666666, 0.8833333333333333], [18383, 0.7666666666666667, 0.9333333333333333, 0.8833333333333333], [91, 0.48333333333333334, 0.9333333333333333, 0.8833333333333333], [393, 0.48333333333333334, 0.9333333333333333, 0.8833333333333333], [752, 0.48333333333333334, 0.9333333333333333, 0.8666666666666667], [276, 0.7, 0.9166666666666666, 0.8833333333333333]]
train_scores=[[12353, 0.49372384937238495, 0.8368200836820083, 0.891213389121339], [10581, 0.5941422594142259, 0.799163179916318, 0.895397489539749], [215, 0.6150627615062761, 0.7154811715481172, 0.895397489539749], [171, 0.5439330543933054, 0.7238493723849372, 0.8870292887029289], [12212, 0.497907949790795, 0.8200836820083682, 0.891213389121339], [18383, 0.694560669456067, 0.8451882845188284, 0.895397489539749], [91, 0.502092050209205, 0.7196652719665272, 0.899581589958159], [393, 0.502092050209205, 0.7322175732217573, 0.895397489539749], [752, 0.502092050209205, 0.7238493723849372, 0.899581589958159], [276, 0.6610878661087866, 0.7071129707112971, 0.899581589958159]]