train_size=0.2
test_scores=[[23359, 0.48333333333333334, 0.8666666666666667, 0.8333333333333334], [24188, 0.3333333333333333, 0.8666666666666667, 0.8333333333333334], [26508, 0.7166666666666667, 0.8666666666666667, 0.8166666666666667], [148, 0.13333333333333333, 0.8833333333333333, 0.85], [25195, 0.5166666666666667, 0.8666666666666667, 0.8333333333333334], [116, 0.5166666666666667, 0.8666666666666667, 0.85], [171, 0.5166666666666667, 0.9166666666666666, 0.8333333333333334], [303, 0.5166666666666667, 0.9, 0.85], [163, 0.2833333333333333, 0.8833333333333333, 0.8333333333333334], [24808, 0.7333333333333333, 0.8666666666666667, 0.85]]
train_scores=[[23359, 0.4576271186440678, 0.9152542372881356, 0.9322033898305084], [24188, 0.3559322033898305, 0.9152542372881356, 0.9322033898305084], [26508, 0.6949152542372882, 0.9152542372881356, 0.9322033898305084], [148, 0.2542372881355932, 0.7288135593220338, 0.9322033898305084], [25195, 0.5084745762711864, 0.9152542372881356, 0.9322033898305084], [116, 0.5084745762711864, 0.711864406779661, 0.9322033898305084], [171, 0.559322033898305, 0.7288135593220338, 0.9322033898305084], [303, 0.5084745762711864, 0.6949152542372882, 0.9322033898305084], [163, 0.288135593220339, 0.7796610169491526, 0.9322033898305084], [24808, 0.711864406779661, 0.9152542372881356, 0.9322033898305084]]